SO4: 0.948498576549691
NO3: 0.9364510536007542
OOA: 0.9492659426354495
