SO4: 0.9495456824437623
NO3: 0.9498024803749007
OOA: 0.9627880476146553
