SO4: 0.9723061536374515
NO3: 0.9663352238971905
OOA: 0.9762279913174594
