SO4: 0.9625686685227519
NO3: 0.9598706453396759
OOA: 0.9641176080917606
