SO4: 0.9464993156197132
NO3: 0.9494714855378587
OOA: 0.9593055267918105
