SO4: 0.9652725014574871
NO3: 0.9544958284222905
OOA: 0.9672866287505851
